2089 100 2047.94 
2090 100 2047.94 
2089 100 2047.94 
2089 100 2047.94 
2091 100 2047.94 
2089 100 2047.94 
2089 100 2047.94 
2090 100 2047.94 
2089 100 2047.94 
2089 100 2047.94 
2089 100 2047.94 
2089 100 2047.94 
2091 100 2047.94 
2090 100 2047.94 
2089 100 2047.94 
2090 100 2047.94 
2089 100 2047.94 
2089 100 2047.94 
2089 100 2047.94 
2090 100 2047.94 
2089 100 2047.94 
2089 100 2047.94 
2089 100 2047.94 
2088 100 2047.94 
2089 100 2047.94 
2089 100 2047.94 
2089 100 2047.94 
2088 4000 2047.94 
2089 4000 2047.94 
2089 4000 2047.94 
2089 4000 2047.94 
2089 4000 2047.94 
2089 4000 2047.94 
2088 4000 2047.94 
2089 4000 2047.94 
2088 4000 2047.94 
2089 4000 2047.94 
2088 4000 2047.94 
2088 4000 2047.94 
2089 4000 2047.94 
2088 4000 2047.94 
2088 4000 2047.94 
2088 4000 2047.94 
2089 4000 2047.94 
2088 4000 2047.94 
2088 4000 2047.94 
2088 4000 2047.94 
2623 4000 2047.94 
2763 4000 2047.94 
2775 4000 2047.94 
2776 4000 2547.94 
2775 4000 2047.94 
2774 4000 2047.94 
2775 4000 2047.94 
2774 4000 2047.94 
2774 4000 2047.94 
2773 4000 2047.94 
2773 4000 2047.94 
2773 4000 2047.94 
2773 4000 2047.94 
2773 4000 2047.94 
2773 4000 2047.94 
2773 4000 2047.94 
2773 4000 2047.94 
2773 4000 2047.94 
2773 4000 2047.94 
2773 4000 2047.94 
2772 4000 2047.94 
2772 4000 2047.94 
2772 4000 2047.94 
2771 4000 2047.94 
2771 4000 2047.94 
2772 4000 2047.94 
2772 4000 2047.94 
2772 4000 2047.94 
2771 4000 2047.94 
2771 4000 2047.94 
2771 4000 2047.94 
2771 4000 2047.94 
2771 4000 2047.94 
2771 4000 2047.94 
2770 4000 2047.94 
2771 4000 2047.94 
2770 4000 2047.94 
2770 4000 2047.94 
2770 4000 2047.94 
2770 4000 2047.94 
2770 4000 2047.94 
2770 4000 2047.94 
2770 4000 2047.94 
2770 4000 2047.94 
2769 4000 2047.94 
2770 4000 2047.94 
2770 4000 2047.94 
2770 4000 2047.94 
2769 4000 2047.94 
2769 4000 2047.94 
2770 4000 2047.94 
2770 4000 2047.94 
2769 4000 2047.94 
2769 4000 2047.94 
2769 4000 2047.94 
2769 4000 2047.94 
2769 4000 2047.94 
2771 4000 2047.94 
2770 4000 2047.94 
2770 4000 2047.94 
2769 4000 2047.94 
2769 4000 2047.94 
2769 4000 2047.94 
2770 4000 2047.94 
2769 4000 2047.94 
2769 4000 2047.94 
2769 4000 2047.94 
2769 4000 2047.94 
2769 4000 2047.94 
2769 4000 2047.94 
2769 4000 2047.94 
2769 4000 2047.94 
2770 4000 2047.94 
2771 4000 2047.94 
2769 4000 2047.94 
2769 4000 2047.94 
2769 4000 2047.94 
2769 4000 2047.94 
2770 4000 2047.94 
2769 4000 2047.94 
2769 100 2047.94 
