932 100 4095.94 
932 100 4095.94 
932 100 4095.94 
932 100 4095.94 
932 100 4095.94 
932 100 4095.94 
932 100 4095.94 
933 100 4095.94 
932 100 4095.94 
932 100 4095.94 
932 100 4095.94 
932 100 4095.94 
932 100 4095.94 
932 100 4095.94 
932 100 4095.94 
932 100 4095.94 
933 100 4095.94 
933 100 4095.94 
931 100 4095.94 
932 100 4095.94 
932 100 4095.94 
932 100 4095.94 
932 100 4095.94 
932 100 4095.94 
932 100 4095.94 
932 100 4095.94 
932 100 4095.94 
933 100 4095.94 
932 100 4095.94 
933 100 4095.94 
933 100 4095.94 
932 100 4095.94 
933 100 4095.94 
932 100 4095.94 
932 100 4095.94 
933 100 4095.94 
932 100 4095.94 
932 100 4095.94 
932 100 4095.94 
931 100 4095.94 
933 100 4095.94 
933 100 4095.94 
933 100 4095.94 
932 100 4095.94 
932 100 4095.94 
932 100 4095.94 
932 100 4095.94 
932 100 4095.94 
932 100 4095.94 
932 100 4095.94 
933 100 4095.94 
933 100 4095.94 
932 100 4095.94 
933 100 4095.94 
932 100 4095.94 
932 100 4095.94 
933 100 4095.94 
932 100 4095.94 
932 100 4095.94 
932 100 4095.94 
933 100 4095.94 
932 100 4095.94 
933 100 4095.94 
932 100 4095.94 
933 100 4095.94 
932 100 4095.94 
933 100 4095.94 
932 100 4095.94 
933 100 4095.94 
932 100 4095.94 
932 100 4095.94 
933 100 4095.94 
932 100 4095.94 
933 100 4095.94 
932 100 4095.94 
932 100 4095.94 
932 100 4095.94 
932 100 4095.94 
933 100 4095.94 
933 100 4095.94 
933 100 4095.94 
932 100 4095.94 
932 100 4095.94 
933 100 4095.94 
932 100 4095.94 
932 100 4095.94 
933 100 4095.94 
932 100 4095.94 
932 100 4095.94 
933 100 4095.94 
932 100 4095.94 
933 100 4095.94 
932 100 4095.94 
932 100 4095.94 
932 100 4095.94 
932 100 4095.94 
932 100 4095.94 
932 4000 4095.94 
932 4000 4095.94 
932 4000 4095.94 
932 4000 4095.94 
932 4000 4095.94 
932 4000 4095.94 
933 4000 4095.94 
933 4000 4095.94 
933 4000 4095.94 
932 4000 4095.94 
932 4000 4095.94 
933 4000 4095.94 
932 4000 4095.94 
932 4000 4095.94 
932 4000 4095.94 
932 4000 4095.94 
932 4000 4095.94 
932 4000 4095.94 
933 4000 4095.94 
933 4000 4095.94 
933 4000 4095.94 
932 4000 4095.94 
933 4000 4095.94 
933 4000 4095.94 
932 4000 4095.94 
932 4000 4095.94 
932 4000 4095.94 
933 4000 4095.94 
932 4000 4095.94 
932 4000 4095.94 
933 4000 4095.94 
932 4000 4095.94 
933 4000 4095.94 
933 4000 4095.94 
933 4000 4095.94 
932 4000 4095.94 
933 4000 4095.94 
932 4000 4095.94 
932 4000 4095.94 
932 4000 4095.94 
932 4000 4095.94 
932 4000 4095.94 
932 4000 4095.94 
933 4000 4095.94 
932 4000 4095.94 
933 4000 4095.94 
933 4000 4095.94 
933 4000 4095.94 
933 4000 4095.94 
932 4000 4095.94 
1673 4000 4095.94 
2031 4000 4095.94 
2075 4000 4095.94 
2087 4000 4595.94 
2094 4000 4095.94 
2098 4000 4095.94 
2101 4000 4095.94 
2105 4000 4095.94 
2107 4000 4095.94 
2108 4000 4095.94 
2110 4000 4095.94 
2110 4000 4095.94 
2111 4000 4095.94 
2112 4000 4095.94 
2144 4000 4095.94 
2113 4000 4095.94 
2113 4000 4095.94 
2114 4000 4095.94 
2114 4000 4095.94 
2115 4000 4095.94 
2116 4000 4095.94 
2116 4000 4095.94 
2116 4000 4095.94 
2116 4000 4095.94 
2117 4000 4095.94 
2118 4000 4095.94 
2117 4000 4095.94 
2117 4000 4095.94 
2118 4000 4095.94 
2118 4000 4095.94 
2118 4000 4095.94 
2118 4000 4095.94 
2118 4000 4095.94 
2119 4000 4095.94 
2119 4000 4095.94 
2118 4000 4095.94 
2119 4000 4095.94 
2119 4000 4095.94 
2119 4000 4095.94 
2120 4000 4095.94 
2120 4000 4095.94 
2119 4000 4095.94 
2119 4000 4095.94 
2120 4000 4095.94 
2119 4000 4095.94 
2120 4000 4095.94 
2120 4000 4095.94 
2120 4000 4095.94 
2121 4000 4095.94 
2120 4000 4095.94 
2120 4000 4095.94 
2121 4000 4095.94 
2121 4000 4095.94 
2120 4000 4095.94 
2120 4000 4095.94 
2120 4000 4095.94 
2121 4000 4095.94 
2120 4000 4095.94 
2121 4000 4095.94 
2120 4000 4095.94 
2120 4000 4095.94 
2121 4000 4095.94 
2121 4000 4095.94 
2121 4000 4095.94 
2121 4000 4095.94 
2121 4000 4095.94 
2121 4000 4095.94 
2121 4000 4095.94 
2120 4000 4095.94 
2121 4000 4095.94 
2121 4000 4095.94 
2121 4000 4095.94 
2121 4000 4095.94 
2121 4000 4095.94 
2121 4000 4095.94 
2121 4000 4095.94 
2121 4000 4095.94 
2121 4000 4095.94 
2121 4000 4095.94 
2122 4000 4095.94 
2122 4000 4095.94 
2121 4000 4095.94 
2121 4000 4095.94 
2121 4000 4095.94 
2121 4000 4095.94 
2121 4000 4095.94 
2121 4000 4095.94 
2121 4000 4095.94 
2121 4000 4095.94 
2121 4000 4095.94 
2121 4000 4095.94 
2121 4000 4095.94 
2121 4000 4095.94 
2122 4000 4095.94 
2121 4000 4095.94 
2121 4000 4095.94 
2122 4000 4095.94 
2122 4000 4095.94 
2121 4000 4095.94 
2122 4000 4095.94 
2121 4000 4095.94 
2121 4000 4095.94 
2121 4000 4095.94 
2121 4000 4095.94 
2121 4000 4095.94 
2122 4000 4095.94 
2121 4000 4095.94 
2121 4000 4095.94 
2122 4000 4095.94 
2122 4000 4095.94 
2122 4000 4095.94 
2121 4000 4095.94 
2122 4000 4095.94 
2122 4000 4095.94 
2121 4000 4095.94 
2121 4000 4095.94 
2121 4000 4095.94 
2121 4000 4095.94 
2121 4000 4095.94 
2121 4000 4095.94 
2121 4000 4095.94 
2121 4000 4095.94 
2121 4000 4095.94 
2120 4000 4095.94 
2121 4000 4095.94 
1379 4000 4095.94 
1023 4000 4095.94 
979 4000 4095.94 
967 4000 4095.94 
961 4000 4095.94 
955 4000 4095.94 
953 4000 4095.94 
950 4000 4095.94 
948 4000 4095.94 
945 4000 4095.94 
944 4000 4095.94 
945 4000 4095.94 
942 4000 4095.94 
941 4000 4095.94 
942 4000 4095.94 
941 4000 4095.94 
940 4000 4095.94 
940 4000 4095.94 
939 4000 4095.94 
939 4000 4095.94 
938 4000 4095.94 
938 4000 4095.94 
937 4000 4095.94 
937 4000 4095.94 
936 4000 4095.94 
937 4000 4095.94 
937 4000 4095.94 
936 4000 4095.94 
936 4000 4095.94 
935 4000 4095.94 
935 4000 4095.94 
935 4000 4095.94 
935 4000 4095.94 
935 4000 4095.94 
934 4000 4095.94 
934 4000 4095.94 
934 4000 4095.94 
934 4000 4095.94 
934 4000 4095.94 
934 4000 4095.94 
933 4000 4095.94 
933 4000 4095.94 
934 4000 4095.94 
933 4000 4095.94 
933 4000 4095.94 
934 4000 4095.94 
934 4000 4095.94 
934 4000 4095.94 
933 4000 4095.94 
933 4000 4095.94 
933 4000 4095.94 
933 4000 4095.94 
933 4000 4095.94 
934 4000 4095.94 
933 4000 4095.94 
932 4000 4095.94 
933 4000 4095.94 
933 4000 4095.94 
933 4000 4095.94 
933 4000 4095.94 
933 4000 4095.94 
933 4000 4095.94 
933 4000 4095.94 
932 4000 4095.94 
932 4000 4095.94 
932 4000 4095.94 
932 4000 4095.94 
932 4000 4095.94 
932 4000 4095.94 
932 4000 4095.94 
932 4000 4095.94 
933 4000 4095.94 
932 4000 4095.94 
932 4000 4095.94 
933 4000 4095.94 
933 4000 4095.94 
932 4000 4095.94 
932 4000 4095.94 
932 4000 4095.94 
932 4000 4095.94 
932 4000 4095.94 
932 4000 4095.94 
933 4000 4095.94 
932 4000 4095.94 
932 4000 4095.94 
932 4000 4095.94 
932 4000 4095.94 
932 4000 4095.94 
932 4000 4095.94 
931 4000 4095.94 
932 4000 4095.94 
932 4000 4095.94 
932 4000 4095.94 
932 4000 4095.94 
932 4000 4095.94 
932 4000 4095.94 
932 4000 4095.94 
932 4000 4095.94 
932 4000 4095.94 
932 4000 4095.94 
932 4000 4095.94 
932 4000 4095.94 
932 4000 4095.94 
933 4000 4095.94 
932 4000 4095.94 
932 4000 4095.94 
932 4000 4095.94 
932 4000 4095.94 
933 4000 4095.94 
932 4000 4095.94 
932 4000 4095.94 
932 4000 4095.94 
932 4000 4095.94 
931 4000 4095.94 
932 4000 4095.94 
932 4000 4095.94 
932 4000 4095.94 
931 4000 4095.94 
932 4000 4095.94 
933 4000 4095.94 
932 4000 4095.94 
931 4000 4095.94 
932 4000 4095.94 
931 4000 4095.94 
932 4000 4095.94 
932 4000 4095.94 
932 4000 4095.94 
933 4000 4095.94 
931 4000 4095.94 
932 4000 4095.94 
932 4000 4095.94 
932 4000 4095.94 
932 4000 4095.94 
931 4000 4095.94 
932 4000 4095.94 
932 4000 4095.94 
932 4000 4095.94 
932 4000 4095.94 
932 4000 4095.94 
932 4000 4095.94 
932 4000 4095.94 
931 4000 4095.94 
932 4000 4095.94 
933 4000 4095.94 
932 4000 4095.94 
932 4000 4095.94 
933 4000 4095.94 
932 4000 4095.94 
932 4000 4095.94 
932 4000 4095.94 
933 4000 4095.94 
932 4000 4095.94 
932 4000 4095.94 
932 4000 4095.94 
932 4000 4095.94 
932 4000 4095.94 
932 4000 4095.94 
932 4000 4095.94 
932 4000 4095.94 
932 4000 4095.94 
931 4000 4095.94 
932 4000 4095.94 
932 4000 4095.94 
932 4000 4095.94 
932 4000 4095.94 
931 4000 4095.94 
932 4000 4095.94 
933 4000 4095.94 
932 4000 4095.94 
932 4000 4095.94 
932 4000 4095.94 
932 4000 4095.94 
931 4000 4095.94 
931 4000 4095.94 
931 4000 4095.94 
931 4000 4095.94 
932 4000 4095.94 
932 4000 4095.94 
932 4000 4095.94 
932 4000 4095.94 
932 4000 4095.94 
932 4000 4095.94 
932 4000 4095.94 
932 4000 4095.94 
931 4000 4095.94 
932 4000 4095.94 
932 4000 4095.94 
932 4000 4095.94 
932 4000 4095.94 
932 4000 4095.94 
932 4000 4095.94 
932 4000 4095.94 
932 4000 4095.94 
933 4000 4095.94 
932 4000 4095.94 
931 4000 4095.94 
932 4000 4095.94 
931 4000 4095.94 
932 4000 4095.94 
932 4000 4095.94 
932 4000 4095.94 
932 4000 4095.94 
932 4000 4095.94 
932 4000 4095.94 
932 4000 4095.94 
932 4000 4095.94 
932 4000 4095.94 
931 4000 4095.94 
932 4000 4095.94 
932 4000 4095.94 
932 4000 4095.94 
932 4000 4095.94 
932 4000 4095.94 
931 4000 4095.94 
932 4000 4095.94 
932 4000 4095.94 
932 4000 4095.94 
932 4000 4095.94 
932 4000 4095.94 
932 4000 4095.94 
932 4000 4095.94 
931 4000 4095.94 
931 4000 4095.94 
932 4000 4095.94 
932 4000 4095.94 
932 4000 4095.94 
933 4000 4095.94 
932 4000 4095.94 
932 4000 4095.94 
932 4000 4095.94 
932 4000 4095.94 
933 4000 4095.94 
932 4000 4095.94 
932 4000 4095.94 
933 4000 4095.94 
932 4000 4095.94 
932 4000 4095.94 
931 4000 4095.94 
931 4000 4095.94 
932 4000 4095.94 
931 4000 4095.94 
932 4000 4095.94 
931 4000 4095.94 
932 4000 4095.94 
932 4000 4095.94 
933 4000 4095.94 
932 4000 4095.94 
932 4000 4095.94 
932 4000 4095.94 
932 4000 4095.94 
932 4000 4095.94 
933 4000 4095.94 
933 4000 4095.94 
932 4000 4095.94 
932 4000 4095.94 
932 4000 4095.94 
931 4000 4095.94 
932 4000 4095.94 
932 4000 4095.94 
932 4000 4095.94 
933 4000 4095.94 
933 4000 4095.94 
932 4000 4095.94 
931 4000 4095.94 
932 4000 4095.94 
932 4000 4095.94 
932 4000 4095.94 
932 4000 4095.94 
931 4000 4095.94 
932 4000 4095.94 
932 4000 4095.94 
932 4000 4095.94 
932 4000 4095.94 
932 4000 4095.94 
932 4000 4095.94 
932 100 4095.94 
931 100 4095.94 
932 100 4095.94 
931 100 4095.94 
932 100 4095.94 
931 100 4095.94 
932 100 4095.94 
931 100 4095.94 
932 100 4095.94 
931 100 4095.94 
932 100 4095.94 
931 100 4095.94 
932 100 4095.94 
933 100 4095.94 
932 100 4095.94 
932 100 4095.94 
932 100 4095.94 
932 100 4095.94 
932 100 4095.94 
932 100 4095.94 
932 100 4095.94 
932 100 4095.94 
932 100 4095.94 
932 100 4095.94 
933 100 4095.94 
932 100 4095.94 
933 100 4095.94 
932 100 4095.94 
932 100 4095.94 
932 100 4095.94 
932 100 4095.94 
932 100 4095.94 
932 100 4095.94 
932 100 4095.94 
932 100 4095.94 
931 100 4095.94 
932 100 4095.94 
932 100 4095.94 
932 100 4095.94 
932 100 4095.94 
932 100 4095.94 
932 100 4095.94 
933 100 4095.94 
932 100 4095.94 
932 100 4095.94 
932 100 4095.94 
931 100 4095.94 
932 100 4095.94 
932 100 4095.94 
932 100 4095.94 
933 100 4095.94 
932 100 4095.94 
931 100 4095.94 
932 100 4095.94 
932 100 4095.94 
932 100 4095.94 
932 100 4095.94 
932 100 4095.94 
933 100 4095.94 
932 100 4095.94 
932 100 4095.94 
932 100 4095.94 
932 100 4095.94 
932 100 4095.94 
932 100 4095.94 
932 100 4095.94 
932 100 4095.94 
931 100 4095.94 
932 100 4095.94 
932 100 4095.94 
931 100 4095.94 
932 100 4095.94 
932 100 4095.94 
933 100 4095.94 
933 100 4095.94 
932 100 4095.94 
932 100 4095.94 
932 100 4095.94 
932 100 4095.94 
932 100 4095.94 
931 100 4095.94 
932 100 4095.94 
932 100 4095.94 
932 100 4095.94 
932 100 4095.94 
932 100 4095.94 
933 100 4095.94 
932 100 4095.94 
932 100 4095.94 
932 100 4095.94 
932 100 4095.94 
931 100 4095.94 
932 100 4095.94 
933 100 4095.94 
931 100 4095.94 
931 100 4095.94 
932 100 4095.94 
932 100 4095.94 
932 100 4095.94 
932 100 4095.94 
933 100 4095.94 
932 100 4095.94 
931 100 4095.94 
932 100 4095.94 
932 100 4095.94 
931 100 4095.94 
932 100 4095.94 
932 100 4095.94 
932 100 4095.94 
932 100 4095.94 
932 100 4095.94 
932 100 4095.94 
933 100 4095.94 
932 100 4095.94 
932 100 4095.94 
932 100 4095.94 
932 100 4095.94 
932 100 4095.94 
932 100 4095.94 
931 100 4095.94 
932 100 4095.94 
932 100 4095.94 
932 100 4095.94 
932 100 4095.94 
933 100 4095.94 
932 100 4095.94 
932 100 4095.94 
932 100 4095.94 
933 100 4095.94 
932 100 4095.94 
932 100 4095.94 
932 100 4095.94 
932 100 4095.94 
933 100 4095.94 
932 100 4095.94 
932 100 4095.94 
933 100 4095.94 
932 100 4095.94 
932 100 4095.94 
932 100 4095.94 
932 100 4095.94 
932 100 4095.94 
932 100 4095.94 
933 100 4095.94 
932 100 4095.94 
932 100 4095.94 
932 100 4095.94 
932 100 4095.94 
932 100 4095.94 
